1958.1666666666667	315.9342222010637	0.23532416346728116	
1958.25	317.05102090944456	0.22043607300185006	
1958.3333333333333	317.70273454448943	0.21902518422573328	
1958.4166666666667	317.32050411975433	0.2190271011753942	
1958.5	316.1931957597917	0.21890512874822113	
1958.5833333333333	314.50211902216324	0.2188952757200891	
1958.6666666666667	312.9067508910557	0.2188797893040817	
1958.75	312.6328720833244	0.21885280188374953	
1958.8333333333333	313.57673874931425	0.21884131036543056	
1958.9166666666667	314.66999970944926	0.21891190499913438	
1959.0	315.53026050527114	0.21890374178236113	
1959.0833333333333	316.1290140897254	0.21875745722012863	
1959.1666666666667	316.819910477192	0.21848663650600833	
1959.25	317.8494581008508	0.2184498198560647	
1959.3333333333333	318.39851615413863	0.21824538905833074	
1959.4166666666667	317.91343852864156	0.21824418844769214	
1959.5	316.7101711791911	0.21818177892413454	
1959.5833333333333	315.02321909835155	0.21817539100802452	
1959.6666666666667	313.54835639908197	0.21817376784917936	
1959.75	313.46299217141495	0.2181752832726189	
1959.8333333333333	314.5369861988729	0.21817752250149985	
1959.9166666666667	315.6213204422547	0.21824020388706544	
1960.0	316.39499213262206	0.21824128027021827	
1960.0833333333333	316.97142302174143	0.21818146268865635	
1960.1666666666667	317.7919361076165	0.21801465098665657	
1960.25	319.0629472159144	0.21796768000967195	
1960.3333333333333	319.8285928132482	0.21774697313156816	
1960.4166666666667	319.4003234090469	0.21774030150583104	
1960.5	318.0435339569249	0.21769001934617047	
1960.5833333333333	316.0482495815104	0.21768899184857934	
1960.6666666666667	314.2429242296803	0.2176874373055427	
1960.75	313.9388815908587	0.21768690760542203	
1960.8333333333333	314.9590837201813	0.21768695352575468	
1960.9166666666667	316.1196253981889	0.217739865566525	
1961.0	317.021664112046	0.2177417054634086	
1961.0833333333333	317.6902709782498	0.21772210039310888	
1961.1666666666667	318.503934865008	0.2175996467619544	
1961.25	319.67181252256705	0.21755161779157656	
1961.3333333333333	320.3109748470233	0.2173480238605586	
1961.4166666666667	319.83347002244045	0.21734220918926797	
1961.5	318.5621895588811	0.21729785550130526	
1961.5833333333333	316.756549905831	0.21729805915804343	
1961.6666666666667	315.15458176424545	0.2172961303631169	
1961.75	314.98246860719337	0.21729598877884376	
1961.8333333333333	316.02902235472357	0.2172953450840032	
1961.9166666666667	317.14552582962824	0.21733883701373785	
1962.0	318.0012748143199	0.21734013295365004	
1962.0833333333333	318.6480253619666	0.21734540103755692	
1962.1666666666667	319.4367654227117	0.2172500755248152	
1962.25	320.5543972971045	0.217201397432648	
1962.3333333333333	321.1405137805923	0.21701760511906254	
1962.4166666666667	320.6450554687963	0.21701481952604543	
1962.5	319.38625700212106	0.2169794875572688	
1962.5833333333333	317.5728095467821	0.2169814011609269	
1962.6666666666667	315.9132968235572	0.21697904461512632	
1962.75	315.66218591156394	0.21698071835057256	
1962.8333333333333	316.6457160015616	0.21697930155317913	
1962.9166666666667	317.7220640068972	0.21700871916343625	
1963.0	318.55854427538	0.2170090530600554	
1963.0833333333333	319.222357421384	0.21704257083908104	
1963.1666666666667	320.0824851462312	0.21697088152415508	
1963.25	321.29869352594505	0.21691931148076454	
1963.3333333333333	321.9272423431994	0.21675175982375777	
1963.4166666666667	321.3499839228007	0.21675506581746384	
1963.5	319.908284010593	0.21674964374589709	
1963.5833333333333	317.9132601981855	0.2167461083458975	
1963.6666666666667	316.1788869644861	0.21677737132497865	
1963.75	315.99766882213044	0.2168850504941892	
1963.8333333333333	317.1487477671817	0.2168549698211974	
1963.9166666666667	318.403772422962	0.21849008137679013	
1964.0	319.35222182279904	0.22951100105484756	
1964.3333333333333	322.3263274669989	0.22935002984893585	
1964.4166666666667	321.7873708615334	0.21833928066183472	
1964.5	320.47873966457337	0.21665670029318262	
1964.5833333333333	318.60957431781753	0.21668845641693668	
1964.6666666666667	316.91502410245266	0.2165764482105876	
1964.75	316.6748603506039	0.2165434435683851	
1964.8333333333333	317.69856642156446	0.21654976228902548	
1964.9166666666667	318.8086479636895	0.216550673826075	
1965.0	319.64640063324623	0.21654628173377818	
1965.0833333333333	320.2427725574944	0.2165907199926221	
1965.1666666666667	320.947112248381	0.21654897280814922	
1965.25	321.98304266699415	0.216509256123499	
1965.3333333333333	322.5380710459376	0.21638262881102208	
1965.4166666666667	322.08284591970187	0.21638346905199057	
1965.5	320.91366918598396	0.21636341827689534	
1965.5833333333333	319.19382847435554	0.21636602431475602	
1965.6666666666667	317.6171073476671	0.21636360520978637	
1965.75	317.4577427162403	0.21636543671922703	
1965.8333333333333	318.54336449745097	0.21636682800155066	
1965.9166666666667	319.72872917086534	0.2163913250714203	
1966.0	320.69346272805524	0.21639025675529325	
1966.0833333333333	321.48014366270036	0.2164287184342251	
1966.1666666666667	322.4007953754681	0.21639099517173324	
1966.25	323.6065062848538	0.21636200477249748	
1966.3333333333333	324.2137597789606	0.21626712909748394	
1966.4166666666667	323.66506652147655	0.21626639172160977	
1966.5	322.2915956649158	0.21624234787395658	
1966.5833333333333	320.3432232839623	0.21624449049838945	
1966.6666666666667	318.62017768762234	0.21624328017275507	
1966.75	318.46155033537434	0.2162443320718839	
1966.8333333333333	319.65549772215127	0.21624730977302467	
1966.9166666666667	320.9369259690793	0.21627379848075068	
1967.0	321.8870113276298	0.2162723504662958	
1967.0833333333333	322.541058273393	0.21630538111210318	
1967.1666666666667	323.27619078549833	0.21627259729012385	
1967.25	324.3094023059748	0.21625210890333368	
1967.3333333333333	324.78333459532587	0.21617824001063546	
1967.4166666666667	324.1541739325294	0.21617626282108957	
1967.5	322.7828417574365	0.21615336649165193	
1967.5833333333333	320.9359195862053	0.2161553574275252	
1967.6666666666667	319.376323219396	0.2161546729166277	
1967.75	319.3583860387407	0.21615547644253824	
1967.8333333333333	320.5922964163783	0.21615917989701028	
1967.9166666666667	321.80477587997484	0.2161838339746802	
1968.0	322.6411598499835	0.216181626925478	
1968.0833333333333	323.2121032731575	0.21621422141255905	
1968.1666666666667	323.9406276216978	0.21618866511121904	
1968.25	325.0625816117572	0.21617210085261232	
1968.3333333333333	325.70775808419785	0.21611163715862652	
1968.4166666666667	325.2705664130626	0.21610873429442162	
1968.5	324.0158245729017	0.21608939776217168	
1968.5833333333333	322.14301916041404	0.21609127276030712	
1968.6666666666667	320.4423167281129	0.216090783233184	
1968.75	320.278837055881	0.21609152671240336	
1968.8333333333333	321.4708086971241	0.21609563351863725	
1968.9166666666667	322.78316723905664	0.21611755055918536	
1969.0	323.8223797880728	0.21611455209243555	
1969.0833333333333	324.61214279243904	0.2161470792136467	
1969.1666666666667	325.49365503849003	0.21612820042390835	
1969.25	326.67498598882594	0.21611427216055487	
1969.3333333333333	327.3193188115565	0.2160642002176297	
1969.4166666666667	326.87962214571417	0.21606042258533667	
1969.5	325.65169390108167	0.21604489756090298	
1969.5833333333333	323.81044184877646	0.21604651765762753	
1969.6666666666667	322.09542478006733	0.21604620243799708	
1969.75	321.8486838430181	0.21604684687408626	
1969.8333333333333	322.9148987648641	0.2160511858865795	
1969.9166666666667	324.12003671016464	0.21607072002684355	
1970.0	325.11756672956653	0.21606704510961602	
1970.0833333333333	325.91196074755135	0.2160982156154723	
1970.1666666666667	326.77026913719783	0.2160845339721973	
1970.25	327.84437861130573	0.21607309066510266	
1970.3333333333333	328.3155027392022	0.21603198960938455	
1970.4166666666667	327.7169373937504	0.2160272979248345	
1970.5	326.4243882359151	0.2160151865896842	
1970.5833333333333	324.6364347258095	0.2160164125199233	
1970.6666666666667	323.05581328295557	0.21601632598553394	
1970.75	322.95290315462444	0.2160168122752592	
1970.8333333333333	324.0878252566763	0.21602119658136515	
1970.9166666666667	325.2230785021311	0.21603879312030622	
1971.0	326.01168175532257	0.21603459020026708	
1971.0833333333333	326.53835376905226	0.21606328803416086	
1971.1666666666667	327.2041009025288	0.2160534876704835	
1971.25	328.26550878259513	0.2160443984114891	
1971.3333333333333	328.8872371703583	0.2160110062960076	
1971.4166666666667	328.46649879422694	0.21600542271510514	
1971.5	327.2405751587048	0.2159963288365615	
1971.5833333333333	325.38514850017236	0.21599706986711453	
1971.6666666666667	323.6976378633608	0.21599725868869374	
1971.75	323.5518516085049	0.21599758379061404	
1971.8333333333333	324.726447042558	0.21600180527940166	
1971.9166666666667	325.94506442635065	0.21601776010236365	
1972.0	326.84182514928943	0.21601317900563427	
1972.0833333333333	327.50281911350066	0.21603874331546258	
1972.1666666666667	328.29417064505105	0.21603182375741872	
1972.25	329.3986216949852	0.21602482992349378	
1972.3333333333333	329.94711142054257	0.21599787686362404	
1972.4166666666667	329.40812778460713	0.2159915039965452	
1972.5	328.1478458110796	0.21598508438977462	
1972.5833333333333	326.4079484100366	0.21598530312350683	
1972.6666666666667	324.9362215167075	0.21598580393594302	
1972.75	325.00414228225236	0.21598602800836275	
1972.8333333333333	326.3271815496846	0.21598988264185195	
1972.9166666666667	327.64065816258335	0.21600439821261472	
1973.0	328.62625582838155	0.21599959025115917	
1973.0833333333333	329.39713346076496	0.21602166805811154	
1973.1666666666667	330.3228535913586	0.2160168506142104	
1973.25	331.5949428240838	0.21601165386016352	
1973.3333333333333	332.350638892236	0.21598997461773956	
1973.4166666666667	332.02222954957506	0.2159829710278241	
1973.5	330.88864045132686	0.21597887886767556	
1973.5833333333333	329.0993436235076	0.21597860043278352	
1973.6666666666667	327.3706402536136	0.21597945056024137	
1973.75	327.03194490558053	0.21597969930845828	
1973.8333333333333	327.91889063194685	0.2159830087695631	
1973.9166666666667	328.89578287934637	0.2159962447647524	
1974.0	329.71674136876936	0.21599136378774486	
1974.0833333333333	330.4600186552798	0.2160098012872524	
1974.1666666666667	331.3762791623885	0.2160064646684076	
1974.25	332.54853680996894	0.21600277888630645	
1974.3333333333333	333.09264560544216	0.21598536748410047	
1974.4166666666667	332.5021543278708	0.21597792655676742	
1974.5	331.1426123076162	0.2159757913628881	
1974.5833333333333	329.229954548975	0.21597511764865715	
1974.6666666666667	327.51752411368943	0.2159763592494368	
1974.75	327.3326825015265	0.2159768340086886	
1974.8333333333333	328.44711269531945	0.21597946562728557	
1974.9166666666667	329.61931440090484	0.21599155116580118	
1975.0	330.52867957200215	0.21598674964209044	
1975.0833333333333	331.26510863682233	0.21600155015759284	
1975.1666666666667	332.1572051519961	0.21599920659385632	
1975.25	333.3536001388766	0.21599676720001296	
1975.3333333333333	333.96415645383604	0.21598277526146217	
1975.4166666666667	333.42713715964965	0.21597511181521872	
1975.5	332.0758680131148	0.2159745466847263	
1975.5833333333333	330.14951527335506	0.21597367082687055	
1975.6666666666667	328.44829882328486	0.21597535105239032	
1975.75	328.3229124260306	0.2159763429388531	
1975.8333333333333	329.5297102858149	0.21597823092732174	
1975.9166666666667	330.7970658027334	0.21598926438824814	
1976.0	331.78038771241154	0.2159846874180876	
1976.0833333333333	332.547952500714	0.21599598867107245	
1976.1666666666667	333.410948619583	0.21599427091475218	
1976.25	334.5246553338293	0.21599283343020279	
1976.3333333333333	335.03307258739915	0.21598155466615784	
1976.4166666666667	334.40735969675006	0.21597389442654533	
1976.5	332.9874908842976	0.21597450900256976	
1976.5833333333333	331.0030423039025	0.2159737293542965	
1976.6666666666667	329.25913480543386	0.21597589969645323	
1976.75	329.128513999658	0.21597780438879383	
1976.8333333333333	330.37452505920373	0.21597897284638462	
1976.9166666666667	331.70895533648763	0.21598902263577405	
1977.0	332.7774098014288	0.21598480253624636	
1977.0833333333333	333.66329863503597	0.215992853198683	
1977.1666666666667	334.69477558821563	0.2159915007047607	
1977.25	336.01208406097794	0.21599084015617923	
1977.3333333333333	336.71199569032797	0.2159816962046266	
1977.4166666666667	336.22522720476445	0.2159742657238907	
1977.5	334.8932719066488	0.21597567840969442	
1977.5833333333333	332.9759497460036	0.2159754120386451	
1977.6666666666667	331.29775520104704	0.2159781277766231	
1977.75	331.2226190466681	0.2159814605222383	
1977.8333333333333	332.4909933397921	0.21598204748222516	
1977.9166666666667	333.8017431854132	0.21599115521659054	
1978.0	334.8021382768511	0.21598740687659526	
1978.0833333333333	335.5808368982871	0.21599254149988947	
1978.1666666666667	336.47866135756885	0.2159913850438217	
1978.25	337.6707815978589	0.21599129718669058	
1978.3333333333333	338.29711783109633	0.21598382504267213	
1978.4166666666667	337.79785073364474	0.2159768418770826	
1978.5	336.4758835942521	0.21597869140914291	
1978.5833333333333	334.5399139689689	0.2159794870992956	
1978.6666666666667	332.79823837412187	0.21598280703735961	
1978.75	332.64024701875314	0.215988217422113	
1978.8333333333333	333.83863061509146	0.2159884998480712	
1978.9166666666667	335.10664332136	0.21599668482843987	
1979.0	336.09161473309723	0.21599350192153247	
1979.0833333333333	336.8767867540955	0.21599611624372037	
1979.1666666666667	337.7951289687626	0.21599506282102549	
1979.25	339.0127184417179	0.2159953651705011	
1979.3333333333333	339.65675416120393	0.21598920482179765	
1979.4166666666667	339.151941282249	0.21598286832259256	
1979.5	337.79878779442515	0.21598482559418972	
1979.5833333333333	335.8290506242447	0.2159873763235795	
1979.6666666666667	334.08943121544144	0.21599136222343562	
1979.75	333.9946227171313	0.215999649002094	
1979.8333333333333	335.306921700625	0.21600006853627388	
1979.9166666666667	336.705216934115	0.21600733284284782	
1980.0	337.8095686534052	0.2160047845828044	
1980.0833333333333	338.69330265712233	0.21600531254266533	
1980.1666666666667	339.6810371315387	0.21600433066189226	
1980.25	340.92378000007375	0.21600486341233927	
1980.3333333333333	341.5421682295673	0.21599974504760613	
1980.4166666666667	340.9824463425921	0.2159942279852488	
1980.5	339.5910161517495	0.21599600814662012	
1980.5833333333333	337.6290208464761	0.2160011624836999	
1980.6666666666667	335.9185603341557	0.21600587842634664	
1980.75	335.81558502874213	0.21601800431621074	
1980.8333333333333	337.0534545126866	0.21601919332446753	
1980.9166666666667	338.3494379019212	0.21602552770459715	
1981.0	339.39065152131843	0.2160236561481061	
1981.0833333333333	340.2718753502031	0.21602254840098342	
1981.1666666666667	341.26860316353304	0.216021654365484	
1981.25	342.46081438823785	0.2160222808004628	
1981.3333333333333	342.93780225909177	0.21601801186101924	
1981.4166666666667	342.1734974916071	0.2160134530445471	
1981.5	340.58421242209624	0.21601482778526826	
1981.5833333333333	338.5076179818443	0.21602360033186918	
1981.6666666666667	336.8103772536015	0.21602911210776496	
1981.75	336.83578986959765	0.21604621774244506	
1981.8333333333333	338.2480856222646	0.2160490254862139	
1981.9166666666667	339.6760769926641	0.21605441590114155	
1982.0	340.7532166134042	0.21605323394624631	
1982.0833333333333	341.58452702011346	0.2160509382835998	
1982.1666666666667	342.50330445747386	0.2160501832344663	
1982.25	343.65407556612445	0.21605078992878976	
1982.3333333333333	344.15719822120445	0.21604724212134827	
1982.4166666666667	343.4636404002631	0.21604373992009054	
1982.5	341.93165710952053	0.21604454964805592	
1982.5833333333333	339.8482168368155	0.21605813032772578	
1982.6666666666667	338.0679472553529	0.2160645048749587	
1982.75	337.95949557264066	0.21608792185490747	
1982.8333333333333	339.2231949001489	0.2160934400468908	
1982.9166666666667	340.5186485526483	0.2160978749674845	
1983.0	341.5147034010024	0.2160973648020454	
1983.0833333333333	342.3646808511003	0.21609430847796637	
1983.1666666666667	343.43972639286767	0.21609376648876422	
1983.25	344.8747562516255	0.21609426313460556	
1983.3333333333333	345.7199950682607	0.21609135972344778	
1983.4166666666667	345.3244121294556	0.21608896656497273	
1983.5	343.9715308062423	0.2160891327318881	
1983.5833333333333	341.9425529644759	0.21610889430908964	
1983.6666666666667	340.1482250558056	0.2161161985962962	
1983.75	340.0291159382996	0.21614746218559974	
1983.8333333333333	341.32080338993	0.2161570501930479	
1983.9166666666667	342.6651416227287	0.21616052761288745	
1984.0	343.6902723583171	0.2161606399593308	
1984.0833333333333	344.52188110342104	0.21615721409024052	
1984.1666666666667	345.51932201752606	0.21615697111606877	
1984.25	346.8107973589231	0.2161572899294136	
1984.3333333333333	347.4510974569148	0.21615499291780288	
1984.4166666666667	346.8229232408121	0.21615371193619354	
1984.5	345.2781557689905	0.21615324941625036	
1984.5833333333333	343.16488570416186	0.21618074834003767	
1984.6666666666667	341.40303037524427	0.2161890454253901	
1984.75	341.37431188089977	0.21622991287175702	
1984.8333333333333	342.74376270567154	0.21624522658940418	
1984.9166666666667	344.1337513571634	0.21624775917367497	
1985.0	345.2002036830145	0.21624841176240414	
1985.0833333333333	346.0834442753039	0.2162449581467394	
1985.1666666666667	347.1097686460307	0.2162451011604454	
1985.25	348.36887073858816	0.2162451950497426	
1985.3333333333333	348.9302791034297	0.2162434929032373	
1985.4166666666667	348.2384304078696	0.21624327787844394	
1985.5	346.69684034834427	0.2162423057097581	
1985.5833333333333	344.6470645706777	0.2162792676948363	
1985.6666666666667	342.94872735211356	0.2162886064002453	
1985.75	342.92030198486464	0.21634108939725658	
1985.8333333333333	344.2033829797365	0.21636412067339375	
1985.9166666666667	345.43952496121346	0.21636574041960063	
1986.0	346.3324648214384	0.21636681490874557	
1986.0833333333333	347.0875678752236	0.21636361341826368	
1986.1666666666667	348.0853954688064	0.21636421906977793	
1986.25	349.4224125192559	0.216364059156715	
1986.3333333333333	350.1196957196571	0.21636295621470028	
1986.4166666666667	349.553862050303	0.21636371288047732	
1986.5	348.09244920493074	0.2163624589161482	
1986.5833333333333	346.0834621500435	0.2164107616286422	
1986.6666666666667	344.40573006666455	0.21642117133348515	
1986.75	344.3907499285215	0.2164875545987955	
1986.8333333333333	345.68956305572465	0.21652066125287459	
1986.9166666666667	346.9481145247264	0.21652143595466825	
1987.0	347.86387993534845	0.21652277868753605	
1987.0833333333333	348.6335160160961	0.2165200345607018	
1987.1666666666667	349.639374394048	0.21652116315830117	
1987.25	350.9942340119287	0.2165207408743582	
1987.3333333333333	351.73657534263293	0.21652024856085955	
1987.4166666666667	351.2412991372712	0.21652181938180617	
1987.5	349.8586632124243	0.21652062907915434	
1987.5833333333333	347.92194499545985	0.21658239500343338	
1987.6666666666667	346.30948506301684	0.21659393938825433	
1987.75	346.37331322089267	0.21667663176363958	
1987.8333333333333	347.79886029637237	0.2167224267323724	
1987.9166666666667	349.24605067473385	0.21672250359181602	
1988.0	350.37215061646384	0.21672395708511807	
1988.0833333333333	351.29511307969915	0.21672180142099676	
1988.1666666666667	352.341592278648	0.21672351820546848	
1988.25	353.64152476665186	0.21672286424404913	
1988.3333333333333	354.30052434454956	0.21672298317507593	
1988.4166666666667	353.73914525865985	0.21672508547898098	
1988.5	352.30867592524555	0.21672449581865805	
1988.5833333333333	350.3340069955211	0.21680251196216138	
1988.6666666666667	348.6963728981227	0.21681547545436597	
1988.75	348.7410557184103	0.2169164739309846	
1988.8333333333333	350.11663256129214	0.2169773757877743	
1988.9166666666667	351.4384894740251	0.21697701424344756	
1989.0	352.363833349531	0.21697850893531986	
1989.0833333333333	353.0736652673022	0.2169770496619561	
1989.1666666666667	353.96775872423314	0.21697949312163903	
1989.25	355.1956747718541	0.21697871147083456	
1989.3333333333333	355.8230717277547	0.21697939462912116	
1989.4166666666667	355.2143649010213	0.2169815661309378	
1989.5	353.69891617443136	0.2169824848344055	
1989.5833333333333	351.6232812618109	0.2170806297629252	
1989.6666666666667	349.90216346060697	0.21709562761128845	
1989.75	349.90145661252427	0.2172162613541824	
1989.8333333333333	351.278853126385	0.217294315847815	
1989.9166666666667	352.64923134906894	0.21729378548969003	
1990.0	353.65119974149457	0.21729534025495578	
1990.0833333333333	354.4281625874846	0.21729470075419355	
1990.1666666666667	355.33893539566634	0.21729803699911301	
1990.25	356.5185538293226	0.21729724556376073	
1990.3333333333333	357.05720591352474	0.21729841354262136	
1990.4166666666667	356.3622539988264	0.21730029477919788	
1990.5	354.8057484320361	0.2173036890342104	
1990.5833333333333	352.7620693296285	0.21742451917224945	
1990.6666666666667	351.1333571283358	0.21744129646896318	
1990.75	351.22670242849745	0.21758596724299525	
1990.8333333333333	352.63845814605156	0.21768642278308936	
1990.9166666666667	353.9844863659491	0.21768577882536655	
1991.0	354.98720374550976	0.21768661011112067	
1991.0833333333333	355.8884479935605	0.21768629590856645	
1991.1666666666667	357.0446169720544	0.21768980969834703	
1991.25	358.457669467296	0.21768862721520654	
1991.3333333333333	359.0587297870643	0.21769052461665978	
1991.4166666666667	358.2006250307277	0.2176930175661008	
1991.5	356.34322226186487	0.21769715072378884	
1991.5833333333333	354.00952754780155	0.21783111183290804	
1991.6666666666667	352.19783378173634	0.21784445465446994	
1991.75	352.2224290941813	0.21803454775128675	
1991.8333333333333	353.6355616140354	0.21817919078321432	
1991.9166666666667	354.9937824312474	0.2181797819457408	
1992.0	355.96400338226886	0.2181768199933983	
1992.0833333333333	356.7667305250634	0.21817488035213103	
1992.1666666666667	357.7927311157273	0.21817643547603888	
1992.25	359.1174805818173	0.21817527938119133	
1992.3333333333333	359.72870389721174	0.21818215803802382	
1992.4166666666667	358.9665626626811	0.2181919280251245	
1992.5	357.22237545952885	0.21819049764225887	
1992.5833333333333	354.95007589565284	0.21830416304234354	
1992.6666666666667	353.1144307175455	0.21830458979219997	
1992.75	353.04187777442894	0.21859892668869052	
1992.8333333333333	354.33361346397396	0.21883387876675311	
1992.9166666666667	355.5967932714957	0.2188446193722778	
1993.0	356.5168018319564	0.21884033760686625	
1993.0833333333333	357.30291014651266	0.21885264580459884	
1993.1666666666667	358.3251056074223	0.21888278854859708	
1993.25	359.6460398343752	0.21889590290182526	
1993.3333333333333	360.25153767010306	0.21890618595447608	
1993.4166666666667	359.4829552365645	0.2189803431665812	
1993.5	357.7459748368583	0.21897777524099274	
1993.5833333333333	355.5292842187191	0.22033452861824895	
1993.6666666666667	353.82630645331665	0.23520499764077377	
1993.75	353.9555248889901	0.2778682584672822	
1993.8333333333333	355.47474991344825	0.3289455958536023	
1993.9166666666667	356.9378299977652	0.36743609497216495	
1994.0	357.99853931670077	0.3912102892726108	
1994.0833333333333	358.87145086967394	0.4042571572331785	
1994.1666666666667	359.9480386430532	0.4114187420148639	
1994.25	361.30766333205065	0.41608072286467834	
1994.3333333333333	361.94730500820697	0.41979193833131795	
1994.4166666666667	361.2119559112689	0.42317635155965894	
1994.5	359.5046783843427	0.42629048096079514	
1994.5833333333333	357.3066574577697	0.42959272606804055	
1994.6666666666667	355.59601371083045	0.4356448421620871	
1994.75	355.67954170987105	0.4467890317300354	
1994.8333333333333	357.1248933163697	0.45905134377524703	
1994.9166666666667	358.510703875676	0.46888467007445217	
1995.0	359.5120194362771	0.4767809767790354	
1995.0833333333333	360.3558741743818	0.4832529380218878	
1995.1666666666667	361.4319903028354	0.48866225555133214	
1995.25	362.8050838361505	0.4934890131962349	
1995.3333333333333	363.45541267912995	0.49796956808244486	
1995.4166666666667	362.715623972088	0.5022067211422533	
1995.5	360.9923418481285	0.5060885972024799	
1995.5833333333333	358.7860263428538	0.5101300617923218	
1995.6666666666667	357.08562394178443	0.5170567596038542	
1995.75	357.1891160062023	0.529167045078215	
1995.8333333333333	358.65170861294246	0.5423513653205078	
1995.9166666666667	360.04634256225654	0.5529108509938477	
1996.0	361.0489544785851	0.5612712616713503	
1996.0833333333333	361.8954043495305	0.5680173956975401	
1996.1666666666667	362.9811113609867	0.5735878279415981	
1996.25	364.36574070221104	0.5784981850264436	
1996.3333333333333	365.01968321652566	0.5829965623996851	
1996.4166666666667	364.2667083318447	0.5871843293789349	
1996.5	362.5185490613676	0.5909843799382644	
1996.5833333333333	360.2958532831017	0.5949711262361218	
1996.6666666666667	358.59852150763254	0.601851674843407	
1996.75	358.71516303770113	0.6138986687627124	
1996.8333333333333	360.18839239458794	0.6271017668376758	
1996.9166666666667	361.5856993099678	0.6377030431368471	
1997.0	362.5838813940227	0.6460201920133937	
1997.0833333333333	363.4276461612026	0.6526656706425131	
1997.1666666666667	364.51826919238374	0.6581230232851494	
1997.25	365.9103659207558	0.6629175513527832	
1997.3333333333333	366.5643467914924	0.6672931045967507	
1997.4166666666667	365.794917534924	0.6713415211993844	
1997.5	364.01894673300194	0.6750138299871402	
1997.5833333333333	361.7776327164793	0.6789354480576058	
1997.6666666666667	360.08177985441034	0.6858202190292529	
1997.75	360.2100271920335	0.6979568666550392	
1997.8333333333333	361.6922505452658	0.711378396375419	
1997.9166666666667	363.0907336082	0.7222159498742814	
1998.0	364.08310338163756	0.7306809948866977	
1998.0833333333333	364.92292308404103	0.7374093391048682	
1998.1666666666667	366.0174732017549	0.7429273779556181	
1998.25	367.41633442590137	0.7477744515778993	
1998.3333333333333	368.0698609608535	0.7521921868987939	
1998.4166666666667	367.2835466507531	0.7562653425095519	
1998.5	365.47942765448533	0.7599711451605478	
1998.5833333333333	363.21959174668336	0.7639978747937265	
1998.6666666666667	361.5256900623408	0.7711265375343245	
1998.75	361.66582144266977	0.7836893603254409	
1998.8333333333333	363.15701237122084	0.797677815375627	
1998.9166666666667	364.5566134318451	0.8090546825116139	
1999.0	365.5430669456182	0.8179318514503288	
1999.0833333333333	366.37880008223874	0.8249729905681945	
1999.1666666666667	367.4772442802114	0.8307522321741129	
1999.25	368.88297910515575	0.8358317486133817	
1999.3333333333333	369.53626583698497	0.8404562434247614	
1999.4166666666667	368.73327488428004	0.8447079320943534	
1999.5	366.9012432292584	0.8485917905459381	
1999.5833333333333	364.6234570348315	0.8528723682082159	
1999.6666666666667	362.9323430754757	0.8604420539444282	
1999.75	363.0849111840289	0.8736892212005192	
1999.8333333333333	364.5852563274093	0.8885064611809912	
1999.9166666666667	365.9860878580439	0.9006514826239806	
2000.0	366.96665792526073	0.910139473898878	
2000.0833333333333	367.7982568274838	0.9176647842863954	
2000.1666666666667	368.9006012507343	0.9238528908387479	
2000.25	370.313313095523	0.9292949460393931	
2000.3333333333333	370.9665551641774	0.9342429863543867	
2000.4166666666667	370.1470918928335	0.9387807893601289	
2000.5	368.2873878326918	0.942943927706225	
2000.5833333333333	365.99219865234045	0.9475834530404755	
2000.6666666666667	364.3046349171	0.9557284873034296	
2000.75	364.4700844415984	0.9698269676079093	
2000.8333333333333	365.97965170172574	0.9856413712148702	
2000.9166666666667	367.38171039818735	0.9987056703828744	
2001.0	368.3563209653239	1.008938359169872	
2001.0833333333333	369.18362255941065	1.0170645280903643	
2001.1666666666667	370.2897353768567	1.0237622239680602	
2001.25	371.7093732548583	1.029654806969659	
2001.3333333333333	372.3626230469108	1.0350045635481713	
2001.4166666666667	371.5267869698837	1.0399003037061332	
2001.5	369.6395745021746	1.0444113429056818	
2001.5833333333333	367.327441074347	1.0494821984793925	
2001.6666666666667	365.6440662570694	1.0582910893902273	
2001.75	365.8226974169593	1.0733440059011672	
2001.8333333333333	367.3414113926756	1.0902589742526987	
2001.9166666666667	368.7445638665995	1.1043393491576692	
2002.0	369.71302470097544	1.115405708368201	
2002.0833333333333	370.53575296704	1.1242120240250217	
2002.1666666666667	371.64537324153025	1.1314882833603792	
2002.25	373.0717459600419	1.1378912586306602	
2002.3333333333333	373.72493191440844	1.1436954830963024	
2002.4166666666667	372.8727405384925	1.1489978128921163	
2002.5	370.9581333405313	1.1539043385327015	
2002.5833333333333	368.62945378760924	1.1594575210510005	
2002.6666666666667	366.95081221265536	1.1689891926090077	
2002.75	367.14281191682494	1.1850595281647192	
2002.8333333333333	368.67048667015115	1.2031375185433022	
2002.9166666666667	370.0745033344756	1.2182959900387305	
2003.0	371.0365448254288	1.2302561430841523	
2003.0833333333333	371.8543462863054	1.2397979061208895	
2003.1666666666667	372.9671197043408	1.247701373249756	
2003.25	374.3999315097335	1.2546566938982813	
2003.3333333333333	375.0528935620987	1.260952097166015	
2003.4166666666667	374.18431756416976	1.2666951920200409	
2003.5	372.24241360407177	1.2720316024350853	
2003.5833333333333	369.8975589490492	1.2781044648998825	
2003.6666666666667	368.224132971749	1.288399249049387	
2003.75	368.4296066770912	1.305525495658208	
2003.8333333333333	369.9659772206269	1.3248038691626585	
2003.9166666666667	371.3705631761659	1.3410806394641892	
2004.0	372.3258666675483	1.3539763935442712	
2004.0833333333333	373.13834020945615	1.3642936098188105	
2004.1666666666667	374.25384819113606	1.3728599453671197	
2004.25	375.6927270190481	1.3803981764467517	
2004.3333333333333	376.3452439531393	1.387211367904502	
2004.4166666666667	375.46023362645064	1.3934203669076357	
2004.5	373.49114055706195	1.3992127668178944	
2004.5833333333333	371.1304787535937	1.4058339110203764	
2004.6666666666667	369.46271155297836	1.4169204557747213	
2004.75	369.6817054452258	1.4351262663337698	
2004.8333333333333	371.2264494890078	1.4556270921117807	
2004.9166666666667	372.63126562835714	1.4730486483778071	
2005.0	373.5794839652117	1.4869100696027018	
2005.0833333333333	374.3862009448021	1.4980328526747082	
2005.1666666666667	375.5039802043666	1.507289297194846	
2005.25	376.9484965611773	1.5154336655432392	
2005.3333333333333	377.60030412007836	1.5227848269211544	
2005.4166666666667	376.69880665983146	1.5294791740581768	
2005.5	374.7026581741884	1.5357483834250238	
2005.5833333333333	372.32656934517945	1.5429407111994156	
2005.6666666666667	370.6648792488759	1.5548402443117173	
2005.75	370.89739424989966	1.5741402587729876	
2005.8333333333333	372.45014601706316	1.5958762536433975	
2005.9166666666667	373.85482240915917	1.614460350699842	
2006.0	374.79559296594744	1.6293098208516164	
2006.0833333333333	375.59611003592545	1.6412617247114571	
2006.1666666666667	376.7156651455716	1.6512299226008704	
2006.25	378.16534427231454	1.659998827350935	
2006.3333333333333	378.8161467508471	1.6679039850083721	
2006.4166666666667	377.89811714320786	1.6750994835428406	
2006.5	375.87508308505676	1.6818628940429357	
2006.5833333333333	373.4839687726544	1.689645515379225	
2006.6666666666667	371.82875790934486	1.7023744663773686	
2006.75	372.07475828644056	1.7227777942857503	
2006.8333333333333	373.635117144584	1.7457558841341085	
2006.9166666666667	375.0392614051143	1.7655145895231417	
2007.0	375.97221425258977	1.7813693053413335	
2007.0833333333333	376.766081508702	1.7941693837366612	
2007.1666666666667	377.88689301309023	1.8048671372275826	
2007.25	379.3412228150646	1.8142757138403973	
2007.3333333333333	379.99070055347875	1.8227481509708998	
2007.4166666666667	379.05610842516035	1.8304582328287884	
2007.5	377.00640094201844	1.8377309601976675	
2007.5833333333333	374.60068959133605	1.846120392312079	
2007.6666666666667	372.95234902106495	1.8596920021061762	
2007.75	373.2117676805465	1.8812042841289496	
2007.8333333333333	374.77930359788843	1.905427717059968	
2007.9166666666667	376.18250618729144	1.926369262010414	
2008.0	377.1072692724574	1.9432427744667515	
2008.0833333333333	377.89403552921067	1.9569068568852415	
2008.1666666666667	379.0155653491747	1.9683492201071306	
2008.25	380.4740017669901	1.978410319266043	
2008.3333333333333	381.1218161560355	1.987461456971245	
2008.4166666666667	380.17065013531465	1.995697969380179	
2008.5	378.09452736897583	2.0034935712841966	
2008.5833333333333	375.6746774810199	2.012504493847251	
2008.6666666666667	374.0335901865783	2.0269297983817127	
2008.75	374.30633197632596	2.049554408360299	
2008.8333333333333	375.88058907642153	2.0750239884688395	
2008.9166666666667	377.2824267465603	2.0971538833806225	
