1958.1666666666667	294.8161533727396	1.1877642500373895	
1958.25	304.97017932579774	1.1365344848616938	
1958.3333333333333	309.4131931734875	1.1266916595238494	
1958.4166666666667	310.57430981608746	1.1255109275117356	
1958.5	310.52426638634756	1.1251412410932287	
1958.5833333333333	310.1053847644769	1.1248381571115154	
1958.6666666666667	309.71236670464145	1.1246419152137777	
1958.75	309.72801878591565	1.1245613705840378	
1958.8333333333333	310.3757974974298	1.1245224190221583	
1958.9166666666667	311.72017627762307	1.1243572696393231	
1959.0	313.94673491049724	1.1231955653363939	
1959.0833333333333	316.9033348423298	1.1202147884440143	
1959.1666666666667	319.3099315490839	1.1185463284014745	
1959.25	319.8476875121682	1.1185219260773596	
1959.3333333333333	318.73602999238346	1.1171557659450715	
1959.4166666666667	316.9171333587485	1.1158350681801743	
1959.5	314.87856720157026	1.1153050313637856	
1959.5833333333333	312.89535091727765	1.115121388185113	
1959.6666666666667	311.432536306759	1.1150365898256573	
1959.75	310.90850280258513	1.1149803228942194	
1959.8333333333333	311.22436875578546	1.114919849354545	
1959.9166666666667	311.83115907618816	1.1148410651084786	
1960.0	312.3709811953132	1.1147827538282622	
1960.0833333333333	312.9468206193677	1.1147716730723078	
1960.1666666666667	313.74787059791305	1.1147718097770318	
1960.25	314.7262288622852	1.1147649478432449	
1960.3333333333333	315.5338283231023	1.1147173528746734	
1960.4166666666667	315.6621611523099	1.1146020470750262	
1960.5	314.8946703252084	1.114489843152509	
1960.5833333333333	313.6227600253678	1.1144315564642033	
1960.6666666666667	312.63529072791425	1.1144080023884337	
1960.75	312.52426521983176	1.1143948365900198	
1960.8333333333333	313.20745493864564	1.1143850914310858	
1960.9166666666667	314.1313650697784	1.114380282726629	
1961.0	314.90724508370744	1.1143777696786983	
1961.0833333333333	315.5793993956896	1.1143742529216392	
1961.1666666666667	316.3443336297506	1.114370295473256	
1961.25	317.13074578523316	1.1143672615028426	
1961.3333333333333	317.5042023954338	1.1143691423125455	
1961.4166666666667	317.0376993907266	1.1143775885052147	
1961.5	315.73451756167367	1.1143864029161694	
1961.5833333333333	314.0997578067258	1.1143950959752664	
1961.6666666666667	312.8911754324595	1.1144171149366604	
1961.75	312.6272505664773	1.1144529856457548	
1961.8333333333333	313.22175564961833	1.1144533954691715	
1961.9166666666667	314.1912305064503	1.114399154685903	
1962.0	315.14490216897457	1.1143628709221665	
1962.0833333333333	316.02210802651433	1.114378557934831	
1962.1666666666667	316.939663078625	1.1144234533248027	
1962.25	317.8203322601063	1.1144890512611443	
1962.3333333333333	318.26409216098625	1.1145374934595789	
1962.4166666666667	317.88213539892183	1.114511807497069	
1962.5	316.6935880351397	1.1144419382219657	
1962.5833333333333	315.18978609409913	1.1144231181953557	
1962.6666666666667	314.0896981102167	1.1144996154565647	
1962.75	313.9048298177896	1.11477038890176	
1962.8333333333333	314.5750642872566	1.1153524900134464	
1962.9166666666667	315.51537064886475	1.1155108000597576	
1963.0	316.1097116211773	1.1152332411990538	
1963.0833333333333	316.32713555707477	1.1181732054256202	
1963.1666666666667	316.7400897773542	1.1220248105130057	
1963.25	317.65592961715436	1.1209036230585383	
1963.3333333333333	318.50909973117564	1.1163630888375113	
1963.4166666666667	318.4300021852877	1.1145040426510275	
1963.5	317.21901138492564	1.1144843208507729	
1963.5833333333333	315.50700013385205	1.114412968072544	
1963.6666666666667	314.2039867940238	1.1145358678765387	
1963.75	313.8964212931182	1.1147166320267026	
1963.8333333333333	314.441627137018	1.1152255875177266	
1963.9166666666667	315.03900182851595	1.1205524059908905	
1964.0	314.95995366911137	1.1488227111538991	
1964.3333333333333	317.50871049509357	1.1488226781556559	
1964.4166666666667	318.0961095281285	1.1205523737258676	
1964.5	317.32216005898425	1.1152255561108528	
1964.5833333333333	315.88147170331473	1.114716600735382	
1964.6666666666667	314.77911565929924	1.114535837073342	
1964.75	314.6423273987676	1.1144129376366694	
1964.8333333333333	315.3421616011072	1.1144842903696877	
1964.9166666666667	316.20265299232506	1.1145040111684767	
1965.0	316.7007612100853	1.1163630537718359	
1965.0833333333333	316.99605599213544	1.1209035779670642	
1965.1666666666667	317.64733456229476	1.1220247379066366	
1965.25	318.7468944277973	1.1181730730094612	
1965.3333333333333	319.6310581601404	1.115233020243593	
1965.4166666666667	319.5775872646356	1.115510496350672	
1965.5	318.49960148769196	1.1153521470560188	
1965.5833333333333	316.95071577399096	1.1147700492591015	
1965.6666666666667	315.76432682714847	1.1144992455471945	
1965.75	315.5319979102468	1.1144225881063385	
1965.8333333333333	316.1995689499617	1.1144411480028558	
1965.9166666666667	317.2402997189969	1.1145107706657413	
1966.0	318.2214973255432	1.1145362333008435	
1966.0833333333333	319.0842548751838	1.1144874807475096	
1966.1666666666667	319.9458458257256	1.1144213215297334	
1966.25	320.72035903994464	1.1143755213171298	
1966.3333333333333	321.036128479654	1.1143587241017363	
1966.4166666666667	320.5707705204781	1.1143940871634495	
1966.5	319.34284029578083	1.1144479779318393	
1966.5833333333333	317.7879581240408	1.1144475681413415	
1966.6666666666667	316.6384172783732	1.114410864913911	
1966.75	316.47217770922924	1.114385462019441	
1966.8333333333333	317.2270129209271	1.1143702745234056	
1966.9166666666667	318.31122025756804	1.1143543322467333	
1967.0	319.239624193223	1.1143410844934964	
1967.0833333333333	319.9877382921505	1.1143362823641474	
1967.1666666666667	320.75115626755013	1.1143362746546521	
1967.25	321.4813737137357	1.114336047426527	
1967.3333333333333	321.7868729318067	1.1143358059185864	
1967.4166666666667	321.3117338808112	1.1143374495850118	
1967.5	320.07494271291284	1.1143416776326747	
1967.5833333333333	318.53286783592404	1.1143458462883435	
1967.6666666666667	317.4193479434183	1.1143459747689508	
1967.75	317.2929828371796	1.114342310187693	
1967.8333333333333	318.0622282907771	1.1143382843028602	
1967.9166666666667	319.1143189418892	1.1143360510137799	
1968.0	319.9725722333749	1.1143356143058203	
1968.0833333333333	320.6637555567682	1.1143359436593212	
1968.1666666666667	321.4279348314054	1.1143361368686457	
1968.25	322.21731963989316	1.1143359756615632	
1968.3333333333333	322.6284391253121	1.1143357110078855	
1968.4166666666667	322.28325010994115	1.1143355857251145	
1968.5	321.1575363405133	1.1143356554243953	
1968.5833333333333	319.67169642146223	1.1143358213134344	
1968.6666666666667	318.55059611968596	1.1143358822154834	
1968.75	318.36424286535976	1.11433573665748	
1968.8333333333333	319.07882360801574	1.1143355277248541	
1968.9166666666667	320.1652540639463	1.1143354229916238	
1969.0	321.1682102298991	1.1143354232024183	
1969.0833333333333	322.05280547579974	1.1143354545178323	
1969.1666666666667	322.96485284462324	1.114335472285901	
1969.25	323.8083027553298	1.1143354655075695	
1969.3333333333333	324.2179902621535	1.1143354423225964	
1969.4166666666667	323.8774455419406	1.1143354194425343	
1969.5	322.77527987409786	1.1143354070622038	
1969.5833333333333	321.3045107404898	1.1143354036126718	
1969.6666666666667	320.1564504746818	1.1143354036194357	
1969.75	319.8881650800056	1.1143354035291515	
1969.8333333333333	320.5003682678038	1.1143354022289982	
1969.9166666666667	321.5229519349578	1.1143354008905717	
1970.0	322.5143773338041	1.1143354009824193	
1970.0833333333333	323.3787057159487	1.1143354023710892	
1970.1666666666667	324.2007545050294	1.1143354038889572	
1970.25	324.91003745222696	1.1143354044206113	
1970.3333333333333	325.21187322490715	1.114335403546782	
1970.4166666666667	324.8202416057506	1.1143354019205278	
1970.5	323.71267210388777	1.1143354006726072	
1970.5833333333333	322.26150036744156	1.114335400210658	
1970.6666666666667	321.1455127354089	1.1143354001442045	
1970.75	320.9128602117888	1.1143354001689145	
1970.8333333333333	321.5321648074634	1.1143354002606094	
1970.9166666666667	322.501632108397	1.1143354003212256	
1971.0	323.3731577792859	1.1143354002499528	
1971.0833333333333	324.06648138106976	1.1143354001185803	
1971.1666666666667	324.74012535586263	1.1143354000374903	
1971.25	325.41490847731484	1.1143354000183545	
1971.3333333333333	325.76941223505213	1.1143354000112624	
1971.4166666666667	325.4085224438477	1.1143353999874044	
1971.5	324.2727639557471	1.1143353999606462	
1971.5833333333333	322.78166382080883	1.1143353999473475	
1971.6666666666667	321.6791647639125	1.1143353999373227	
1971.75	321.53369919037425	1.1143353999184356	
1971.8333333333333	322.25179391346944	1.1143353998985146	
1971.9166666666667	323.2638361022212	1.114335399885588	
1972.0	324.13655754850106	1.1143353998738286	
1972.0833333333333	324.85677322642044	1.1143353998585663	
1972.1666666666667	325.62599028512835	1.1143353998448835	
1972.25	326.4306302118648	1.1143353998381575	
1972.3333333333333	326.8664392664522	1.114335399836711	
1972.4166666666667	326.532896198651	1.1143353998344698	
1972.5	325.4516313350839	1.114335399826933	
1972.5833333333333	324.0836150626358	1.1143353998140813	
1972.6666666666667	323.1320366111365	1.1143353997990735	
1972.75	323.10123911220916	1.1143353997853784	
1972.8333333333333	323.8691759700535	1.114335399774474	
1972.9166666666667	324.9100935417324	1.114335399765402	
1973.0	325.88478094035605	1.1143353997562009	
1973.0833333333333	326.80806924981766	1.114335399745432	
1973.1666666666667	327.79068417019465	1.1143353997329977	
1973.25	328.72286604312836	1.114335399720234	
1973.3333333333333	329.2075273746356	1.1143353997086647	
1973.4166666666667	328.9058740103261	1.114335399698781	
1973.5	327.8509170480216	1.114335399690397	
1973.5833333333333	326.447598459299	1.114335399683175	
1973.6666666666667	325.33931717933467	1.1143353996766854	
1973.75	325.03477110970204	1.114335399670744	
1973.8333333333333	325.486695063873	1.1143353996652516	
1973.9166666666667	326.26779669767956	1.114335399659888	
1974.0	327.0956928728375	1.1143353996545813	
1974.0833333333333	327.9496107613234	1.1143353996495426	
1974.1666666666667	328.8497543432632	1.114335399644812	
1974.25	329.6479753315007	1.1143353996404608	
1974.3333333333333	329.9858812095024	1.1143353996365406	
1974.4166666666667	329.55394889312106	1.1143353996327892	
1974.5	328.37250381915464	1.114335399629027	
1974.5833333333333	326.8497597585339	1.1143353996252445	
1974.6666666666667	325.66595337420546	1.1143353996213379	
1974.75	325.36528187911733	1.114335399617416	
1974.8333333333333	325.91209911215316	1.114335399613745	
1974.9166666666667	326.8413423896048	1.1143353996103489	
1975.0	327.7899855465	1.114335399607282	
1975.0833333333333	328.6968080055483	1.114335399604642	
1975.1666666666667	329.61369609699005	1.1143353996022773	
1975.25	330.42936544871264	1.114335399600142	
1975.3333333333333	330.7881137107279	1.1143353995983236	
1975.4166666666667	330.3583802086738	1.114335399596712	
1975.5	329.15121515059855	1.1143353995953214	
1975.5833333333333	327.6138356716227	1.1143353995942669	
1975.6666666666667	326.4676109533086	1.1143353995934477	
1975.75	326.26026316180764	1.1143353995928564	
1975.8333333333333	326.94431022739724	1.1143353995925889	
1975.9166666666667	328.00480523551573	1.1143353995925147	
1976.0	329.00333376633296	1.1143353995926164	
1976.0833333333333	329.8814560359486	1.1143353995929897	
1976.1666666666667	330.7607841052933	1.1143353995935255	
1976.25	331.5517868651668	1.1143353995942318	
1976.3333333333333	331.87870642303767	1.114335399595229	
1976.4166666666667	331.4015864063327	1.1143353995964158	
1976.5	330.133844186578	1.1143353995977958	
1976.5833333333333	328.5380587682813	1.114335399599479	
1976.6666666666667	327.3560008893004	1.1143353996013534	
1976.75	327.15285759358915	1.1143353996034204	
1976.8333333333333	327.89574472049355	1.1143353996057892	
1976.9166666666667	329.04744613247004	1.1143353996083556	
1977.0	330.12741150802657	1.114335399611124	
1977.0833333333333	331.0877097509014	1.1143353996142082	
1977.1666666666667	332.0840810604707	1.1143353996175027	
1977.25	333.0112980537686	1.1143353996210101	
1977.3333333333333	333.46927951007063	1.1143353996248369	
1977.4166666666667	333.1182674020557	1.1143353996288756	
1977.5	331.9630858511981	1.1143353996331264	
1977.5833333333333	330.45008952551484	1.1143353996376997	
1977.6666666666667	329.3173565887775	1.1143353996424896	
1977.75	329.14082276593695	1.1143353996475005	
1977.8333333333333	329.894083806914	1.1143353996528427	
1977.9166666666667	331.03021105877946	1.1143353996584116	
1978.0	332.0653261973931	1.1143353996642118	
1978.0833333333333	332.9631261128721	1.1143353996703527	
1978.1666666666667	333.8827947576735	1.11433539967673	
1978.25	334.72549487744635	1.114335399683347	
1978.3333333333333	335.1280392016812	1.1143353996903163	
1978.4166666666667	334.7665588850763	1.1143353996975347	
1978.5	333.60283611130444	1.1143353997050074	
1978.5833333333333	332.03513617062146	1.1143353997128451	
1978.6666666666667	330.8103838316355	1.114335399720949	
1978.75	330.5559366224407	1.114335399729321	
1978.8333333333333	331.2608394499871	1.1143353997380774	
1978.9166666666667	332.36242264913386	1.1143353997471153	
1979.0	333.37735178966733	1.1143353997564402	
1979.0833333333333	334.2657322475702	1.114335399766167	
1979.1666666666667	335.16866620201404	1.1143353997761931	
1979.25	335.99591968178544	1.114335399786526	
1979.3333333333333	336.4116186507894	1.114335399797281	
1979.4166666666667	336.0772538654095	1.1143353998083576	
1979.5	334.9215324106895	1.114335399819765	
1979.5833333333333	333.35045053969685	1.114335399831619	
1979.6666666666667	332.153044055936	1.114335399843819	
1979.75	331.9724234079473	1.1143353998563719	
1979.8333333333333	332.75953315677367	1.1143353998693908	
1979.9166666666667	333.9311903174606	1.1143353998827743	
1980.0	335.0319951709947	1.1143353998965282	
1980.0833333333333	336.03133458718855	1.1143353999107692	
1980.1666666666667	337.0313159627108	1.1143353999253984	
1980.25	337.90671195035105	1.1143353999404262	
1980.3333333333333	338.30519210386655	1.1143353999559715	
1980.4166666666667	337.8857350929669	1.1143353999719352	
1980.5	336.624939439942	1.1143353999883243	
1980.5833333333333	335.0052674898757	1.1143354000052568	
1980.6666666666667	333.8381170967917	1.1143354000226324	
1980.75	333.70275618156666	1.1143354000404715	
1980.8333333333333	334.4828803677602	1.1143354000589079	
1980.9166666666667	335.6125984169641	1.1143354000778654	
1981.0	336.6943623109653	1.1143354000973795	
1981.0833333333333	337.69467324188946	1.1143354001175938	
1981.1666666666667	338.66381384540995	1.1143354001384227	
1981.25	339.4530844081214	1.1143354001598913	
1981.3333333333333	339.71050471643605	1.1143354001821142	
1981.4166666666667	339.12383844901586	1.1143354002050008	
1981.5	337.73130989161666	1.1143354002285644	
1981.5833333333333	336.0519471075493	1.1143354002529404	
1981.6666666666667	334.88653762573364	1.1143354002780397	
1981.75	334.78458304247596	1.1143354003038748	
1981.8333333333333	335.6048865202278	1.1143354003305357	
1981.9166666666667	336.7608585976711	1.114335400357867	
1982.0	337.83509480484145	1.1143354003857913	
1982.0833333333333	338.79100025002236	1.1143354004143389	
1982.1666666666667	339.7194986989615	1.1143354004433497	
1982.25	340.52068278619106	1.1143354004728245	
1982.3333333333333	340.83507118733706	1.1143354005029351	
1982.4166666666667	340.322719966836	1.1143354005336752	
1982.5	338.99316205467187	1.1143354005651818	
1982.5833333333333	337.31170198083834	1.1143354005976893	
1982.6666666666667	336.0665422775085	1.1143354006311927	
1982.75	335.8785741938338	1.1143354006657762	
1982.8333333333333	336.66745200586234	1.1143354007016455	
1982.9166666666667	337.8190249723217	1.1143354007388808	
1983.0	338.86693596550595	1.1143354007778146	
1983.0833333333333	339.8090813945489	1.114335400818995	
1983.1666666666667	340.82883518982345	1.11433540086276	
1983.25	341.844322795038	1.1143354009093847	
1983.3333333333333	342.4112890192774	1.114335400958941	
1983.4166666666667	342.1134395726529	1.114335401010921	
1983.5	340.92287040361515	1.1143354010646371	
1983.5833333333333	339.2804834714838	1.114335401119404	
1983.6666666666667	338.00866520637226	1.1143354011744586	
1983.75	337.81309470470325	1.1143354012294862	
1983.8333333333333	338.6398700851788	1.1143354012846407	
1983.9166666666667	339.81866445512503	1.114335401339984	
1984.0	340.84889478466056	1.1143354013953886	
1984.0833333333333	341.7699036513152	1.1143354014502869	
1984.1666666666667	342.7874850000921	1.1143354015035185	
1984.25	343.76346582663524	1.1143354015542963	
1984.3333333333333	344.21105514345305	1.1143354016028755	
1984.4166666666667	343.74614469578574	1.1143354016504905	
1984.5	342.4056095022153	1.1143354016995066	
1984.5833333333333	340.69146681927623	1.1143354017530644	
1984.6666666666667	339.4428950301926	1.114335401814329	
1984.75	339.3112988532431	1.114335401886111	
1984.8333333333333	340.1729282658715	1.1143354019698004	
1984.9166666666667	341.3410202556777	1.1143354020642104	
1985.0	342.3546250077021	1.1143354021665235	
1985.0833333333333	343.2816609236543	1.1143354022746945	
1985.1666666666667	344.2973009671969	1.1143354023895606	
1985.25	345.22717788053217	1.1143354025153638	
1985.3333333333333	345.59510970999577	1.1143354026571946	
1985.4166666666667	345.0493323074441	1.1143354028167731	
1985.5	343.68168136717856	1.114335402989812	
1985.5833333333333	342.0390689865141	1.1143354031657364	
1985.6666666666667	340.89142036883516	1.1143354033298845	
1985.75	340.7682047424421	1.1143354034686592	
1985.8333333333333	341.54152377034114	1.1143354035758501	
1985.9166666666667	342.6049679259112	1.1143354036566877	
1986.0	343.5326777813801	1.1143354037264406	
1986.0833333333333	344.3837318548686	1.1143354038051645	
1986.1666666666667	345.3590633933373	1.1143354039106466	
1986.25	346.32249107496426	1.1143354040440385	
1986.3333333333333	346.7684731762427	1.1143354041785547	
1986.4166666666667	346.29056176608105	1.114335404278344	
1986.5	344.9901659687094	1.114335404331827	
1986.5833333333333	343.4346452744101	1.1143354043545437	
1986.6666666666667	342.339968455871	1.114335404366889	
1986.75	342.19232068009796	1.1143354043861435	
1986.8333333333333	342.92266159063274	1.1143354044430542	
1986.9166666666667	344.0029034910441	1.1143354045932827	
1987.0	344.9976728997522	1.1143354048718166	
1987.0833333333333	345.8968041539918	1.114335405206327	
1987.1666666666667	346.8873602578014	1.1143354054550012	
1987.25	347.88041783024784	1.114335405583382	
1987.3333333333333	348.3940552692482	1.1143354056891726	
1987.4166666666667	348.0115327431612	1.114335405984972	
1987.5	346.81479762856713	1.114335407009747	
1987.5833333333333	345.3457648922481	1.1143354095286917	
1987.6666666666667	344.3183197829912	1.1143354139132426	
1987.75	344.24655144283145	1.114335419760614	
1987.8333333333333	345.0849616295291	1.1143354260189378	
1987.9166666666667	346.3217425730236	1.1143354312876816	
1988.0	347.49029097659104	1.114335434408073	
1988.0833333333333	348.4881576372739	1.1143354353985069	
1988.1666666666667	349.4613318822118	1.114335435457561	
1988.25	350.38230759981514	1.1143354354954125	
1988.3333333333333	350.8517177046402	1.1143354356294612	
1988.4166666666667	350.47467370599406	1.1143354361991276	
1988.5	349.2751512228275	1.1143354397522791	
1988.5833333333333	347.74482342679374	1.1143354539819614	
1988.6666666666667	346.6432893684116	1.1143354889372263	
1988.75	346.5386446553479	1.1143355483897732	
1988.8333333333333	347.3592386711582	1.11433562459793	
1988.9166666666667	348.5472595519301	1.114335697009226	
1989.0	349.6162161472914	1.1143357366038398	
1989.0833333333333	350.47179014070537	1.1143357384061865	
1989.1666666666667	351.2845413174126	1.114335772679565	
1989.25	352.0477453602511	1.1143359351183235	
1989.3333333333333	352.3828350315659	1.1143361971432744	
1989.4166666666667	351.8978908248233	1.1143364462115641	
1989.5	350.5847387395504	1.1143366713356462	
1989.5833333333333	348.92176679363644	1.1143369819935878	
1989.6666666666667	347.7124312438229	1.1143375429198867	
1989.75	347.55506945207543	1.1143384466756054	
1989.8333333333333	348.33572140337304	1.114339551724342	
1989.9166666666667	349.44498632998824	1.1143404624741133	
1990.0	350.4363199051374	1.114340806580903	
1990.0833333333333	351.3137432347706	1.1143408102103678	
1990.1666666666667	352.26276593843136	1.1143416505743715	
1990.25	353.20520050158717	1.1143450415326035	
1990.3333333333333	353.69414787901803	1.1143515410113038	
1990.4166666666667	353.296782298063	1.114358669217078	
1990.5	352.0216523613586	1.1143634656073482	
1990.5833333333333	350.423544849112	1.1143663812008553	
1990.6666666666667	349.36996530984584	1.1143694202614567	
1990.75	349.44901608184	1.114373604958644	
1990.8333333333333	350.4568495244141	1.1143773635659129	
1990.9166666666667	351.68550278212706	1.1143782314867157	
1991.0	352.69112617624927	1.114378811334879	
1991.0833333333333	353.55311543841077	1.1143843915042217	
1991.1666666666667	354.450677487276	1.1143974348570413	
1991.25	355.1836336282335	1.1144246579049337	
1991.3333333333333	355.1789037367712	1.1144869712888599	
1991.4166666666667	354.01176953551146	1.1146014039872476	
1991.5	351.916241627451	1.1147171379707919	
1991.5833333333333	349.7325936001824	1.1147643975425674	
1991.6666666666667	348.36021965033706	1.1147710660496442	
1991.75	348.2485509553041	1.1147710933251613	
1991.8333333333333	349.23232337981557	1.1147824418850694	
1991.9166666666667	350.7008560176831	1.1148408805616223	
1992.0	352.12272150604315	1.1149195966273397	
1992.0833333333333	353.4498945081294	1.11497990605391	
1992.1666666666667	354.8682026085219	1.1150361135527322	
1992.25	356.2878950973829	1.1151210579254915	
1992.3333333333333	357.31139878155676	1.115304909008109	
1992.4166666666667	357.74242126003446	1.11583504754747	
1992.5	357.8552139656165	1.1171557394291038	
1992.5833333333333	357.7386888841253	1.118521862411326	
1992.6666666666667	356.7457845130106	1.1185462479087098	
1992.75	354.7044270327221	1.1202147232575923	
1992.8333333333333	352.86935685778286	1.1231955292701525	
1992.9166666666667	352.2727173932093	1.1243572555348327	
1993.0	352.6001698443743	1.1245224146074804	
1993.0833333333333	353.17224561012756	1.1245613682940327	
1993.1666666666667	353.6505672550856	1.1246419126983216	
1993.25	353.78164995881855	1.1248381548995756	
1993.3333333333333	353.2219206574928	1.1251412401431204	
1993.4166666666667	351.69668326763275	1.1255109271604558	
1993.5	348.68997262476927	1.1266916576764503	
1993.5833333333333	342.45662965806343	1.1365344778058655	
1993.6666666666667	330.6231624451547	1.1877642299658757	
1993.75	313.6471504994545	1.3027548085411027	
1993.8333333333333	295.6284636307861	1.4283371596664007	
1993.9166666666667	279.89496392336247	1.518881347740384	
1994.0	266.6790226971124	1.5795641598562555	
1994.0833333333333	254.9606759294445	1.6254925286788764	
1994.1666666666667	244.03810575127633	1.6644099356348379	
1994.25	233.59860210829999	1.6986980278955506	
1994.3333333333333	223.46975172263393	1.7287143412410642	
1994.4166666666667	213.4682348934384	1.7551917957005985	
1994.5	203.00166540669744	1.7821817941716784	
1994.5833333333333	190.62644065982408	1.8202395205547124	
1994.6666666666667	175.02345676656026	1.8832549733566541	
1994.75	157.2513457926599	1.9658630568148894	
1994.8333333333333	140.3885713898929	2.038935689129459	
1994.9166666666667	126.38590711479455	2.088047905770579	
1995.0	115.09460403329177	2.1192534071378595	
1995.0833333333333	105.6735053557363	2.140636242673139	
1995.1666666666667	97.52402089165128	2.1564827118609746	
1995.25	90.33362158395778	2.16866691282547	
1995.3333333333333	83.92192766703371	2.1781246804741023	
1995.4166666666667	78.12844202495069	2.185597452439785	
1995.5	72.68548289826815	2.1920475232029983	
1995.5833333333333	67.16585740864673	2.1987283417134553	
1995.6666666666667	61.304050712133304	2.2064624733127745	
1995.75	55.45337401927708	2.214326993890638	
1995.8333333333333	50.300811356722825	2.2204713692196987	
1995.9166666666667	46.14265770477079	2.224464888326138	
1996.0	42.81636098319736	2.2270073323857607	
1996.0833333333333	40.06522573452235	2.228740163951901	
1996.1666666666667	37.71665451703542	2.230000589083748	
1996.25	35.67294702468097	2.2309521756945787	
1996.3333333333333	33.87283000868997	2.2316857552515605	
1996.4166666666667	32.267624222130436	2.2322644045111235	
1996.5	30.805381844340708	2.2327425813811055	
1996.5833333333333	29.429964758050954	2.2331673541893577	
1996.6666666666667	28.113036391525934	2.2335604372636513	
1996.75	26.882665477597385	2.2339062084575563	
1996.8333333333333	25.783326235696272	2.2341829913283253	
1996.9166666666667	24.819661979780854	2.234395504255872	
1997.0	23.963858084816746	2.2345628847754395	
1997.0833333333333	23.18738493864976	2.2347005938317865	
1997.1666666666667	22.47176932020963	2.2348175643135	
1997.25	21.805811423119426	2.234918873230626	
1997.3333333333333	21.181981317808983	2.2350077649901747	
1997.4166666666667	20.594491263847175	2.2350866034152475	
1997.5	20.038333344056824	2.2351572920861194	
1997.5833333333333	19.50919054314022	2.2352213523166857	
1997.6666666666667	19.0043807651776	2.235279739795024	
1997.75	18.523247174350896	2.235332843542609	
1997.8333333333333	18.0654428600775	2.2353809622122096	
1997.9166666666667	17.629421567195156	2.235424639266595	
1998.0	17.213003156485282	2.2354645047457637	
1998.0833333333333	16.81429347238926	2.235501079667176	
1998.1666666666667	16.431857248061007	2.235534757324039	
1998.25	16.06456384456677	2.2355658468714648	
1998.3333333333333	15.711459186477132	2.235594605352174	
1998.4166666666667	15.371701283289934	2.2356212541150513	
1998.5	15.044528710645954	2.2356459873494656	
1998.5833333333333	14.729249122362335	2.2356689762443267	
1998.6666666666667	14.425241404488435	2.2356903707023794	
1998.75	14.131948259284346	2.23571030239301	
1998.8333333333333	13.848848313607578	2.235728890280847	
1998.9166666666667	13.575439409738106	2.2357462438846185	
1999.0	13.311245437856677	2.2357624630688777	
1999.0833333333333	13.055823067361198	2.235777637933396	
1999.1666666666667	12.808759881115144	2.2357918498091243	
1999.25	12.569670197911883	2.2358051724317236	
1999.3333333333333	12.338191886308502	2.2358176728807058	
1999.4166666666667	12.113984136321701	2.2358294123190596	
1999.5	11.896725736322166	2.235840446608252	
1999.5833333333333	11.686113646826557	2.2358508268361126	
1999.6666666666667	11.481861764001465	2.235860599779064	
1999.75	11.283699738168199	2.235869808318972	
1999.8333333333333	11.091371821279816	2.23587849182112	
1999.9166666666667	10.904635875769255	2.235886686464728	
2000.0	10.723262545659646	2.2358944255311446	
2000.0833333333333	10.5470344754245	2.2359017396642265	
2000.1666666666667	10.375745553478831	2.2359086571074482	
2000.25	10.209200205162173	2.235915203917765	
2000.3333333333333	10.047212740955448	2.235921404157938	
2000.4166666666667	9.889606754121846	2.2359272800698062	
2000.5	9.736214561977445	2.2359328522307096	
2000.5833333333333	9.586876686561482	2.235938139694917	
2000.6666666666667	9.441441371287025	2.235943160121663	
2000.75	9.299764130520476	2.235947929891199	
2000.8333333333333	9.16170732955269	2.2359524642100923	
2000.9166666666667	9.02713979284829	2.2359567772068525	
2001.0	8.895936438385391	2.235960882018861	
2001.0833333333333	8.767977935969887	2.23596479087149	
2001.1666666666667	8.6431503877491	2.2359685151501734	
2001.25	8.52134502933313	2.2359720654661244	
2001.3333333333333	8.402457950028907	2.23597545171631	
2001.4166666666667	8.286389830807416	2.235978683138238	
2001.5	8.173045698727526	2.2359817683600474	
2001.5833333333333	8.062334696643179	2.235984715446346	
2001.6666666666667	7.954169867122017	2.235987531940197	
2001.75	7.848467949579262	2.235990224901602	
2001.8333333333333	7.745149189708497	2.235992800942812	
2001.9166666666667	7.644137160369215	2.2359952662607485	
2002.0	7.545358593147342	2.2359976266667965	
2002.0833333333333	7.448743219864658	2.2359998876142058	
2002.1666666666667	7.354223623374483	2.2360020542233094	
2002.25	7.2617350970234416	2.236004131304757	
2002.3333333333333	7.171215512205159	2.236006123380926	
2002.4166666666667	7.082605193480514	2.236008034705677	
2002.5	6.995846800770861	2.2360098692825914	
2002.5833333333333	6.9108852181662686	2.236011630881819	
2002.6666666666667	6.827667448930256	2.2360133230556545	
2002.75	6.74614251630582	2.236014949152947	
2002.8333333333333	6.666261369755734	2.2360165123324403	
2002.9166666666667	6.587976796301919	2.236018015575133	
2003.0	6.511243336645752	2.236019461695732	
2003.0833333333333	6.436017205773835	2.2360208533532866	
2003.1666666666667	6.362256217779105	2.236022193061045	
2003.25	6.2899197146403445	2.236023483195624	
2003.3333333333333	6.2189684987204625	2.236024726005521	
2003.4166666666667	6.149364768765427	2.2360259236190343	
2003.5	6.081072059194819	2.2360270780516314	
2003.5833333333333	6.014055182489085	2.236028191212812	
2003.6666666666667	5.948280174496286	2.236029264912499	
2003.75	5.8837142424877324	2.2360303008669957	
2003.8333333333333	5.820325715802989	2.2360313007045467	
2003.9166666666667	5.758083998939841	2.2360322659705214	
2004.0	5.696959526949155	2.236033198132257	
2004.0833333333333	5.636923723003707	2.2360340985835854	
2004.1666666666667	5.577948958022554	2.236034968649058	
2004.25	5.520008512235788	2.236035809587904	
2004.3333333333333	5.463076538581288	2.2360366225977315	
2004.4166666666667	5.407128027836496	2.23603740881799	
2004.5	5.352138775389582	2.2360381693332188	
2004.5833333333333	5.298085349560402	2.2360389051760845	
2004.6666666666667	5.244945061391137	2.236039617330237	
2004.75	5.192695935827152	2.236040306732982	
2004.8333333333333	5.141316684213502	2.2360409742777922	
2004.9166666666667	5.090786678040805	2.2360416208166645	
2005.0	5.041085923874136	2.236042247162335	
2005.0833333333333	4.992195039402618	2.2360428540903583	
2005.1666666666667	4.94409523055473	2.236043442341067	
2005.25	4.896768269623622	2.23604401262141	
2005.3333333333333	4.8501964743503265	2.236044565606686	
2005.4166666666667	4.8043626879188785	2.236045101942174	
2005.5	4.7592502598166595	2.2360456222446694	
2005.5833333333333	4.71484302751595	2.23604612710393	
2005.6666666666667	4.6711252989383265	2.236046617084043	
2005.75	4.628081835662541	2.2360470927247094	
2005.8333333333333	4.585697836838541	2.2360475545424596	
2005.9166666666667	4.543958923775675	2.236048003031798	
2006.0	4.502851125171545	2.2360484386662844	
2006.0833333333333	4.462360862949974	2.2360488618995578	
2006.1666666666667	4.422474938681189	2.2360492731662998	
2006.25	4.383180520555705	2.2360496728831483	
2006.3333333333333	4.344465130885077	2.236050061449561	
2006.4166666666667	4.306316634106875	2.23605043924863	
2006.5	4.2687232252695635	2.236050806647857	
2006.5833333333333	4.231673418974318	2.236051163999883	
2006.6666666666667	4.195156038754756	2.236051511643181	
2006.75	4.159160206873716	2.236051849902713	
2006.8333333333333	4.123675334517364	2.236052179090551	
2006.9166666666667	4.088691112370608	2.236052499506468	
2007.0	4.054197501555913	2.2360528114384945	
2007.0833333333333	4.020184724918479	2.2360531151634517	
2007.1666666666667	3.986643258644305	2.2360534109474526	
2007.25	3.953563824195618	2.2360536990463804	
2007.3333333333333	3.9209373805491	2.236053979706343	
2007.4166666666667	3.8887551167253336	2.236054253164102	
2007.5	3.857008444596188	2.236054519647484	
2007.5833333333333	3.82568899195742	2.2360547793757695	
2007.6666666666667	3.794788595856772	2.2360550325600608	
2007.75	3.764299296165965	2.2360552794036366	
2007.8333333333333	3.734213329385581	2.2360555201022847	
2007.9166666666667	3.704523122674566	2.2360557548446223	
2008.0	3.6752212880942814	2.2360559838123977	
2008.0833333333333	3.6463006170574896	2.2360562071807797	
2008.1666666666667	3.617754074975264	2.236056425118632	
2008.25	3.589574796093043	2.236056637788776	
2008.3333333333333	3.5617560785073916	2.236056845348241	
2008.4166666666667	3.5342913793575876	2.2360570479484996	
2008.5	3.5071743101842427	2.2360572457356973	
2008.5833333333333	3.4803986324476686	2.236057438850868	
2008.6666666666667	3.4539582532009026	2.2360576274301405	
2008.75	3.427847220910641	2.2360578116049346	
2008.8333333333333	3.402059721419595	2.2360579915021512	
2008.9166666666667	3.376590074046003	2.2360581672443502	
